19850	1	1	252	3300	6(A)	165	Cafe	8049
20413	1	215S	3362	3300	10(A)	1	D116	8049
20456	1	C1006	501	3301	9(A)	2		8049
20463	1	C1008	501	3301	9(A)	2		8049
20471	1	C4000	501	3301	9(A)	1		8049
20036	16	9	122	3302	11(A)	25	D117	8049
20037	2	153	451	3302	3(A)	2	Media CTR	8049
20038	1	540	113	3302	11(A)	2		8049
20039	1	5255	502	3300	3(A)	1	Media CTR	8049
20040	2	540	3364	3302	8(A)	2	D214	8049
20041	1	966	113	3300	8-11(A)	3		8049
20042	1	5199	502	3301	6(A)	1		8049
20043	1	5058	502	3302	6(A)	1		8049
20044	1	977	113	3300	8-11(A)	2		8049
20045	2	611	121	3300	8(A)	1	E208	8049
20046	4	540	105	3301	9(A)	1	213	8049
20047	7	541	113	3300	9(A)	3		8049
20048	1	971	113	3300	8-11(A)	3		8049
20049	2	541	113	3300	4(A)	1		8049
20050	4	541	113	3300	6(A)	4		8049
20051	5	540	3512	3301	11(A)	1	F128	8049
20052	6	540	3512	3302	3(A)	1	F128	8049
20053	1	5026	502	3301	8(A)	1	Media CTR	8049
20054	1	973	113	3300	8-11(A)	2		8049
20055	1	612	121	3300	8(A)	1	E208	8049
20056	1	5051	502	3301	1(A)	1	Media CTR	8049
20059	1	961	113	3300	8-11(A)	3		8049
20060	2	1	252	3300	7(A)	128	Cafe	8049
20061	2	1212	3725	3300	2(A)	12	D203	8049
20462	1	C1007	501	3301	9(A)	2		8049
20407	13	541	3362	3300	6(A)	1	D116	8049
20062	3	1212	121	3300	2(A)	14	E208	8049
20063	2	1111	3762	3300	2(A)	17	D200	8049
20064	3	1111	102	3300	2(A)	19	D211	8049
20065	1	9000	652	3300	2(A)	15	D212	8049
20066	2	9000	2063	3300	2(A)	12	D118	8049
20067	3	7000	178	3300	2(A)	23	F128	8049
20068	2	108	110	3300	9(A)	20	E205	8049
20069	3	108	110	3300	11(A)	16	E205	8049
20070	2	110	122	3300	10(A)	10	D117	8049
20071	1	121	122	3300	4(A)	11	D117	8049
20072	1	124	122	3300	5(A)	14	D117	8049
20073	3	230	1101	3300	11(A)	16	E110	8049
20074	1	215	1101	3300	9(A)	23	E110	8049
20075	1	254	120	3300	3(A)	11	E111	8049
20076	1	240	126	3300	3(A)	8	E114	8049
20077	2	240	126	3300	4(A)	13	E114	8049
20078	1	207	126	3300	7(A)	14	E114	8049
20079	1	308	127	3300	3(A)	19	E112	8049
20080	2	308	127	3300	7(A)	19	E112	8049
20081	2	208	127	3300	10(A)	19	E112	8049
20082	1	311	105	3300	3(A)	20	D213	8049
20083	2	311	105	3300	9(A)	7	D213	8049
20084	1	340	94	3300	3(A)	12	D204	8049
20085	2	340	94	3300	5(A)	16	D204	8049
20086	1	341	94	3300	9(A)	10	D204	8049
20087	3	307	94	3300	10(A)	23	D204	8049
20088	1	350	3364	3300	3(A)	15	D214	8049
20089	2	350	3364	3300	5(A)	9	D214	8049
20090	1	310	105	3300	4(A)	9	D213	8049
20091	1	173B3	117	3302	5(A)	12	D115	8049
20092	2	173B3	451	3302	5(A)	14	Media CTR	8049
20408	26	540	178	3301	3(A)	1	GYM	8049
20093	1	153	451	3301	9(A)	11	Media CTR	8049
20094	2	618	3726	3304	5(A)	16	E113	8049
20095	4	618	3726	3306	5(A)	17	E113	8049
20096	1	629	2411	3303	5(A)	16	D215	8049
20097	2	629	2411	3304	5(A)	18	D215	8049
20098	1	633	3726	3303	3(A)	14	E113	8049
20099	1	635	2411	3303	3(A)	15	Media CTR	8049
20100	2	635	2411	3304	3(A)	14	Media CTR	8049
20101	4	635	2411	3306	11(A)	11	Media CTR	8049
20102	1	109S	117	3300	4(A)	0	D115	8049
20103	1	192	164	3300	5(A)	6	D-120A	8049
20104	1	0650	3723	3300	3(A)	29	B118	8049
20105	1	643A	103	3301	8(A)	38	E207	8049
20106	1	643B	103	3302	8(A)	38	E207	8049
20107	2	607	121	3302	7(A)	17	E208	8049
20108	4	607	121	3302	9(A)	16	E208	8049
20109	1	679	3726	3302	3(A)	17	E113	8049
20110	2	679	3726	3301	4(A)	12	E113	8049
20111	1	689	3726	3301	9(A)	2	E113	8049
20112	2	689	3726	3302	9(A)	14	E113	8049
20113	1	683	2411	3302	3(A)	8	D215	8049
20114	1	460	2911	3301	10(A)	7	D201	8049
20115	2	9	2911	3302	3(A)	7	D201	8049
20116	1	602	121	3301	8(A)	4	E208	8049
20117	1	1111	94	3300	2(A)	18	D204	8049
20118	1	1010	122	3300	2(A)	14	D117	8049
20119	2	1010	127	3300	2(A)	13	E112	8049
20120	3	1010	2911	3300	2(A)	14	D201	8049
20121	3	9000	120	3300	2(A)	13	E111	8049
20122	1	8000	105	3300	2(A)	18	D213	8049
20123	1	7000	3512	3300	2(A)	23	F128	8049
20124	1	108	110	3300	5(A)	19	E205	8049
19851	1	5212	502	3302	4(A)	1	Media CTR	8049
19852	4	1212	451	3300	2(A)	5	Media CTR	8049
19853	6	541	3726	3300	9(A)	1	E113	8049
19854	8	541	113	3300	11(A)	1		8049
19855	3	602	121	3302	4(A)	1	E208	8049
19856	1	5115	502	3301	9(A)	1	Media CTR	8049
19857	9	540	3364	3301	1(A)	1	D214	8049
19858	1	5265	502	3300	3(A)	0	Media CTR	8049
19859	1	972	113	3300	8-11(A)	1		8049
19860	1	967	113	3300	8-11(A)	1		8049
19861	1	5105	502	3301	4(A)	1	Media CTR	8049
19863	13	540	1101	3301	4(A)	1	E110	8049
19864	16	540	113	3301	6(A)	2		8049
19865	1	656	103	3300	1(A)	19	E207	8049
19866	1	658	103	3300	1(A)	12	E207	8049
20125	1	112	2063	3300	3(A)	13	D118	8049
20126	1	155	122	3301	8(A)	6	D117	8049
20127	2	230	1101	3300	7(A)	21	E110	8049
20128	1	243	126	3300	11(A)	19	E114	8049
20129	2	207	126	3300	9(A)	12	E114	8049
20130	1	330	127	3300	5(A)	11	E112	8049
20131	1	307	94	3300	4(A)	22	D204	8049
20132	2	307	94	3300	8(A)	23	D204	8049
20133	1	716	3512	3302	4(A)	15	F128	8049
20134	1	710	178	3301	3(A)	18	F128	8049
20135	2	710	178	3302	3(A)	9	F128	8049
20136	3	717	178	3301	9(A)	16	D212	8049
20137	2	718	3512	3302	5(A)	10	D211	8049
20138	1	173B6	117	3302	8(A)	13	D115	8049
20139	1	990	199	3301	11(A)	29	D210	8049
20140	3	500	3725	3305	5(A)	18	D203	8049
20141	1	9	2911	3301	3(A)	21	D201	8049
20142	1	501	4011	3300	8(A)	15	D200	8049
20143	1	502	4011	3300	7(A)	9	D203	8049
20144	1	503	3725	3300	4(A)	9	D203	8049
20145	2	503	3725	3300	9(A)	8	D203	8049
20146	1	504	3725	3300	10(A)	4	D203	8049
20147	1	506	3725	3300	3(A)	0	D203	8049
20148	1	507	3725	3300	3(A)	5	D203	8049
20149	1	510	3762	3300	7(A)	23	D202	8049
20150	2	510	3762	3300	9(A)	21	D202	8049
20151	1	512	3762	3300	8(A)	12	D202	8049
20152	2	512	3762	3300	10(A)	16	D202	8049
20153	1	513	3966	3300	10(A)	10	D200	8049
20154	1	514	3966	3300	6(A)	8	D200	8049
20155	2	514	3966	3300	9(A)	6	D200	8049
20156	1	516	3966	3300	11(A)	3	D200	8049
19867	1	659	103	3300	1(A)	9	E207	8049
19868	1	662	103	3300	1(A)	1	E207	8049
19869	1	660	3723	3300	1(A)	29	B118	8049
19870	1	165	110	3301	1(A)	1	E205	8049
19871	1	515	3966	3300	3(A)	4	D200	8049
19872	1	316G	105	3302	8(A)	6	D213	8049
19873	2	5212	502	3302	3(A)	1	Media CTR	8049
19874	19	540	110	3301	11(A)	1	E205	8049
19875	6	500	3966	3304	5(A)	17	D200	8049
19876	3	268	164	3300	10(A)	1	D-120A	8049
19877	23	540	113	3302	4(A)	2		8049
19878	10	541	113	3300	5(A)	0		8049
20464	1	C2000	501	3301	9(A)	1		8049
20467	1	C2101	501	3301	8(A)	1		8049
19881	8	540	113	3301	10(A)	4		8049
19882	1	976	113	3300	8-11(A)	1		8049
19883	1	5208	502	3302	8(A)	1	Media CTR	8049
19884	14	540	113	3301	4(A)	1		8049
19885	1	1000	105	3303	1(A)	46	D213	8049
19887	17	540	103	3302	8(A)	1	D207	8049
19888	3	541	178	3300	11(A)	1	F128	8049
19889	3	683	2411	3301	11(A)	3	D215	8049
19890	2	192	164	3300	7(A)	3	D-120A	8049
19891	1	231SB	3362	3300	5(A)	1	D116	8049
19892	1	409S	4016	3300	9(A)	2	D-120B	8049
19893	4	410	3729	3300	11(A)	2	D118	8049
19894	11	541	164	3300	5(A)	1	D-120A	8049
19895	24	540	113	3301	9(A)	1		8049
20157	1	119	4016	3300	10(A)	1	D-120B	8049
20158	2	263	3362	3300	8(A)	1	D116	8049
20159	1	423	652	3301	4(A)	13	D212	8049
20160	2	424	652	3301	6(A)	14	D212	8049
20161	1	408	2911	3300	5(A)	19	D201	8049
20162	2	408	652	3300	8(A)	17	D212	8049
20163	3	408	652	3300	10(A)	20	D212	8049
20164	2	407	3729	3300	8(A)	23	E114	8049
20165	1	410	3729	3300	3(A)	9	D202	8049
20166	2	410	3729	3300	11(A)	17	D118	8049
20167	2	450	2911	3301	9(A)	2	D201	8049
20168	1	614	121	3300	5(A)	4	E208	8049
20169	1	625	121	3301	8(A)	2	E208	8049
20170	1	598	121	3302	8(A)	1	E208	8049
20171	3	9	2411	3301	4(A)	9	D215	8049
20172	4	9	451	3302	4(A)	8	Media CTR	8049
20173	5	9	178	3301	5(A)	9	D202	8049
20174	1	1212	1101	3300	2(A)	16	E110	8049
20175	2	7000	3364	3300	2(A)	22	D214	8049
20176	3	160	122	3301	9(A)	13	D117	8049
20177	2	109	101	3300	7(A)	15	E206	8049
20178	1	111	2063	3300	6(A)	25	D118	8049
20179	1	122	2063	3300	5(A)	18	D118	8049
20180	1	352	3364	3300	6(A)	9	D214	8049
20181	3	709	3512	3301	11(A)	18	F128	8049
20182	1	719	3512	3301	6(A)	13	D123	8049
20183	1	720	3512	3301	9(A)	21	F128	8049
20184	2	720	178	3302	10(A)	20	F128	8049
20185	1	708	178	3301	11(A)	21	F128	8049
20465	2	C2000	501	3301	1(A)	1		8049
20466	1	C2100	501	3301	1(A)	1		8049
20469	1	C2300	501	3301	6(A)	1		8049
19899	1	266	164	3300	10(A)	2	D-120A	8049
20470	1	C2400	501	3301	10(A)	1		8049
19901	2	643B	103	3302	1(A)	1	E207	8049
19902	1	5200	502	3301	8(A)	1	Media CTR	8049
19903	12	540	113	3302	6(A)	4		8049
19904	1	5094	502	3301	6(A)	1	Media CTR	8049
19905	18	540	113	3301	5(A)	2	D102	8049
19907	1	5215	502	3302	3(A)	1		8049
19908	17	9	178	3305	5(A)	3	D202	8049
19909	5	500	3966	3303	5(A)	17	D200	8049
19910	7	500	3966	3305	5(A)	14	D200	8049
19911	8	500	3966	3306	5(A)	18	D200	8049
19912	1	6005	502	3300	11(A)	1	Media CTR	8049
19913	2	5208	502	3302	9(A)	1	Media CTR	8049
20468	1	C2200	501	3301	4(A)	1		8049
19915	4	602	121	3302	5(A)	1	E208	8049
19916	21	540	3726	3302	4(A)	1	E113	8049
19917	1	230S	3362	3300	5(A)	1	D116	8049
19918	1	5073	502	3301	1(A)	2		8049
19919	2	268	164	3300	8(A)	1	D-120A	8049
19920	10	540	113	3302	9(A)	3		8049
19922	1	979	113	3300	8-11(A)	1		8049
19923	5	541	451	3300	10(A)	1	Media CTR	8049
19924	1	5241	502	3301	10(A)	1	Media CTR	8049
19925	1	982	113	3300	8-11(A)	1		8049
19926	1	5077	502	3302	4(A)	1	Media CTR	8049
20186	2	708	178	3302	11(A)	29	F128	8049
20187	3	710	178	3301	4(A)	6	F128	8049
20188	1	430	102	3301	3(A)	8	D211	8049
20189	1	717	178	3301	7(A)	17	D201	8049
20190	1	409	102	3300	7(A)	10	D211	8049
20191	2	409	102	3300	9(A)	13	D211	8049
20192	3	409	102	3300	10(A)	16	D211	8049
20193	4	717	178	3302	9(A)	16	D117	8049
20194	1	420	102	3300	11(A)	14	D211	8049
20195	3	718	3512	3302	10(A)	12	E205	8049
20196	1	173A3	117	3301	5(A)	11	D115	8049
20197	1	173A8	117	3301	10(A)	17	D115	8049
20198	2	174	451	3302	7(A)	13	Media CTR	8049
20199	3	174	3362	3301	11(A)	17	E112	8049
20200	1	500	3725	3303	5(A)	17	D203	8049
20201	1	110S	117	3300	3(A)	2	D115	8049
20202	1	111S	117	3300	3(A)	2	D115	8049
20203	2	111S	117	3300	4(A)	0	D115	8049
20204	1	640	103	3300	3(A)	41	E207	8049
20205	1	645	103	3300	4(A)	38	E207	8049
20206	1	649	3723	3300	8(A)	17	B118	8049
20207	1	642B	103	3302	8(A)	13	E207	8049
20208	1	608	121	3302	3(A)	17	E208	8049
20209	2	608	121	3301	10(A)	16	E208	8049
20210	3	608	121	3301	11(A)	11	E208	8049
20211	1	607	121	3301	7(A)	19	E208	8049
20212	3	607	121	3301	9(A)	16	E208	8049
20213	1	601	121	3302	4(A)	11	E208	8049
20214	1	256	2411	3300	6(A)	5	D215	8049
20215	2	256	2411	3300	10(A)	10	D215	8049
20216	2	683	2411	3302	9(A)	15	D215	8049
20217	2	601	121	3301	5(A)	4	E208	8049
19927	1	980	113	3300	8-11(A)	1		8049
19928	1	652	3723	3300	1(A)	22	B118	8049
19929	9	541	126	3300	3(A)	1	E114	8049
19930	4	310	105	3300	4(A)	2	D213	8049
19931	22	540	4016	3302	9(A)	1	D-120B	8049
19932	2	5051	502	3301	3(A)	1	Media CTR	8049
19933	15	540	110	3301	8(A)	1	E205	8049
19934	1	197	164	3300	10(A)	1	D-120A	8049
19935	4	710	3512	3301	5(A)	0	F128	8049
19936	2	341	94	3300	9(A)	3	D204	8049
19937	3	410	3729	3300	3(A)	1	D202	8049
20399	1	5204	502	3301	3(A)	1	D116	8049
19941	2	643A	103	3301	1(A)	1	E207	8049
19942	11	540	110	3302	9(A)	1	E205	8049
19943	1	960	113	3300	8-11(A)	1		8049
19944	1	963	113	3300	8-11(A)	1		8049
19945	1	974	113	3300	8-11(A)	1		8049
19946	2	265	164	3300	10(A)	2	D-120A	8049
19947	1	541	4016	3300	11(A)	1	A210	8049
19948	2	5026	502	3302	6(A)	0		8049
19950	3	612	121	3300	5(A)	2	E208	8049
19951	1	5007	502	3301	10(A)	1	Media CTR	8049
19952	12	541	127	3300	4(A)	1	D214	8049
19953	2	8000	3729	3300	2(A)	19	E205	8049
19954	3	8000	3726	3300	2(A)	19	E113	8049
19955	1	160	101	3301	3(A)	18	E206	8049
19956	2	160	101	3302	3(A)	12	E206	8049
19957	1	109	101	3300	4(A)	11	E206	8049
20218	3	601	121	3302	5(A)	1	E208	8049
20219	1	440	2911	3302	8(A)	4	D201	8049
20220	1	611	121	3300	5(A)	1	E208	8049
20221	1	610	121	3300	5(A)	2	E208	8049
20222	1	609	121	3300	5(A)	2	E208	8049
20225	2	609	121	3300	8(A)	4	E208	8049
20226	2	614	121	3300	8(A)	2	E208	8049
20227	4	601	121	3301	8(A)	4	E208	8049
20228	5	601	121	3302	8(A)	2	E208	8049
20229	2	598	121	3302	9(A)	1	E208	8049
20230	2	625	121	3301	9(A)	1	E208	8049
20231	6	9	178	3302	5(A)	10	D202	8049
20443	6	601	121	3301	10(A)	1	E208	8049
20406	25	540	3512	3301	10(A)	1	F128	8049
20472	1	C4100	501	3301	10(A)	1		8049
20473	1	C3000	501	3301	8(A)	1		8049
20474	1	C5000	501	3301	8(A)	1		8049
19958	3	109	101	3300	9(A)	12	E206	8049
19959	1	120	101	3300	5(A)	9	E206	8049
19960	1	107	110	3300	4(A)	23	E205	8049
19961	2	107	110	3300	8(A)	22	E205	8049
19962	3	107	2063	3300	10(A)	22	D118	8049
19963	1	123	2063	3300	4(A)	20	D118	8049
19964	1	110	122	3300	6(A)	15	D117	8049
19965	1	231	1101	3300	3(A)	17	E110	8049
19966	2	231	1101	3300	4(A)	18	E110	8049
19967	1	230	1101	3300	5(A)	23	E110	8049
19968	1	250	120	3300	6(A)	19	E111	8049
19969	2	250	120	3300	11(A)	13	E111	8049
19970	1	249	120	3300	10(A)	10	E111	8049
19971	3	308	3364	3300	9(A)	19	D214	8049
19972	1	208	127	3300	8(A)	12	E112	8049
19973	3	350	3364	3300	11(A)	16	D214	8049
19974	1	331	3364	3300	8(A)	3	D214	8049
19975	1	351	3364	3300	6(A)	4	D214	8049
19976	1	709	3512	3302	3(A)	20	F128	8049
19977	2	709	3512	3302	8(A)	11	F128	8049
19978	1	419	102	3300	4(A)	10	D211	8049
19979	2	717	178	3302	7(A)	19	D213	8049
19980	2	173A3	451	3301	5(A)	14	Media CTR	8049
19981	1	173A6	117	3301	8(A)	12	D115	8049
19982	1	173B8	117	3302	10(A)	12	D115	8049
19983	1	174	451	3301	7(A)	13	Media CTR	8049
19984	4	174	3362	3302	11(A)	17	E112	8049
19985	2	990	199	3302	11(A)	21	D210	8049
19986	1	618	3726	3303	5(A)	18	E113	8049
19987	3	618	3726	3305	5(A)	17	E113	8049
19988	3	629	2411	3305	5(A)	17	D215	8049
19989	4	629	2411	3306	5(A)	17	D215	8049
19990	2	633	3726	3304	3(A)	15	E113	8049
19991	3	633	3726	3305	11(A)	11	E113	8049
19992	4	633	3726	3306	11(A)	10	E113	8049
19993	3	635	2411	3305	11(A)	10	Media CTR	8049
19994	2	500	3725	3304	5(A)	17	D203	8049
19995	4	500	3725	3306	5(A)	16	D203	8049
19996	2	110S	117	3300	4(A)	2	D115	8049
19997	3	679	3726	3302	4(A)	6	E113	8049
19998	1	685	3726	3301	10(A)	3	E113	8049
19999	1	115	4016	3300	11(A)	2	D-120B	8049
20000	1	104	4016	3300	10(A)	1	D-120B	8049
20001	1	425	652	3302	4(A)	13	D212	8049
20002	1	424	652	3301	5(A)	18	D212	8049
20003	1	426	652	3302	5(A)	17	D212	8049
20004	2	426	652	3302	6(A)	13	D212	8049
20005	1	411	2911	3300	4(A)	17	D201	8049
20006	1	415	3729	3300	9(A)	14	E111	8049
20007	2	310	105	3300	5(A)	14	D213	8049
20008	3	310	105	3300	11(A)	16	D213	8049
20009	2	716	3512	3301	5(A)	8	F128	8049
20010	3	716	3512	3301	10(A)	10	F128	8049
20011	1	718	3512	3301	4(A)	15	Library	8049
20012	1	639	3723	3300	4(A)	20	B118	8049
20013	1	651	3723	3300	8(A)	28	B118	8049
20014	1	642A	103	3301	8(A)	13	E207	8049
20016	1	262	4016	3300	7(A)	1	D-120B	8049
20017	1	263	4016	3300	7(A)	1	D-120B	8049
20018	1	265	3362	3300	8(A)	1	D116	8049
20019	1	268	3362	3300	10(A)	0	D116	8049
20020	2	411	2911	3300	11(A)	10	D201	8049
20021	1	407	3729	3300	4(A)	23	D202	8049
20022	3	407	3729	3300	10(A)	22	E110	8049
20023	1	450	2911	3302	6(A)	14	D201	8049
20024	7	9	110	3301	6(A)	16	E205	8049
20025	8	9	110	3302	6(A)	15	E205	8049
20026	9	9	451	3301	8(A)	18	Media CTR	8049
20027	10	9	102	3302	8(A)	6	D211	8049
20028	11	9	652	3301	9(A)	6	D215	8049
20029	12	9	652	3302	9(A)	23	D212	8049
20030	14	9	101	3302	10(A)	29	E206	8049
20031	13	9	101	3301	10(A)	12	E206	8049
20032	2	602	121	3302	8(A)	1	E208	8049
20033	5	605	121	3302	8(A)	1	E208	8049
20034	15	9	103	3301	11(A)	14	E207	8049
20451	1	C1002	501	3301	9(A)	4		8049
20398	1	5000	113	3300	2(A)	2	D102	8049
20400	1	5192	502	3302	3(A)	1	D116	8049
20403	1	1300	113	3300	2(A)	2	D102	8049
20402	3	411	2911	3300	11(A)	2	D201	8049
20401	2	331	3364	3300	8(A)	1	D214	8049
20397	2	610	121	3300	8(A)	1	E208	8049
20455	1	C1005	501	3301	9(A)	1		8049
20452	1	C1000	501	3301	9(A)	1		8049
20457	1	5060	502	3300	10(A)	1		8049
20448	27	540	1101	3301	1(A)	1	E110	8049
20453	1	C1003	501	3301	9(A)	1		8049
20454	1	C1004	501	3301	9(A)	1		8049
20475	4	679	3726	3301	4(A)	1	E113	8049
20449	1	C1001	501	3301	9(A)	2		8049
